loop 0
0,
2958,478,1718,1,3076,596,1836,2,3196,716,
1956,3,3156,676,1916,4,3438,958,2198,5,
3551,1071,2311,6,3352,872,2112,7,3318,838,
2078,8,3892,1412,2652,9,3998,1518,2758,10,
4114,1634,2874,11,4076,1596,2836,12,3744,1264,
2504,13,3854,1374,2614,14,3671,1191,2431,15,
3633,1153,2393,16,3581,1101,2341,17,3701,1221,
2461,18,3804,1324,2564,19,3771,1291,2531,20,
4027,1547,2787,21,4146,1666,2906,22,3961,1481,
2721,23,3920,1440,2680,24,3269,789,2029,25,
3390,910,2150,26,3503,1023,2263,27,3465,985,
2225,28,3107,627,1867,29,3228,748,1988,30,
3026,546,1786,31,2992,512,1752,32,4100,1620,
2860,33,3048,568,1808,34,3090,610,1850,35,
3135,655,1895,36,3327,847,2087,37,3525,1045,
2285,38,3255,775,2015,39,1900,660,3140,6325,
6323,2053,4070,6085,6083,2177,3571,5845,5843,1878,
3284,5605,5603,2573,3042,5365,5363,2462,3528,
5125,
5124,3410,3304,5131,5130,3387,3424,5137,5136,3343,
3385,5143,5142,3627,3662,5149,5148,3742,3777,5155,
5154,3546,3584,5161,5160,3513,3544,5167,5166,4075,
3531,5173,5172,3610,3647,5179,5178,3723,3754,5185,
5184,3684,3721,5191,5190,3333,3365,5197,5196,3451,
3490,5203,5202,3259,3291,5209,5208,3217,3258,5215,
5214,3175,3806,5221,5220,3905,3862,5227,5226,3945,
4045,5233,5232,3977,3944,5239,5238,2920,3030,5245,
5244,3115,3077,5251,5250,4087,2956,5257,5256,4127,
4084,5263,5262,3400,3422,5269,5268,3338,2978,5275,
5274,3057,3012,5281,5280,3096,3055,5287,5286,3910,
3865,5293,5292,3794,4058,5299,5298,3834,3793,5305,
5304,3873,3832,5311,5310,3762,3730,5317,5316,3635,
3279,5323,5322,3355,3317,5329,5328,3401,3353,5335,
5334,3585,3534,5341,5340,3468,3735,5347,5346,3508,
3463,5353,5352,3540,3505,5359,5358,4030,4010,

200,
1761,521,3001,160,2001,761,3241,120,2517,1277,
3757,80,2786,1546,4026,40,1940,700,3180,
loop 1
240,
2770,
1530,5355,1550,5357,1025,5349,1060,5351,983,
5343,1028,5345,1255,5337,988,5339,1054,5331,1105,
5333,873,5325,921,5327,837,5319,875,5321,799,
5313,1155,5315,1250,5307,1282,5309,1352,5301,1393,
5303,1313,5295,1354,5297,1578,5289,1314,5291,1385,
5283,1430,5285,575,5277,616,5279,532,5271,577,
5273,498,5265,858,5267,942,5259,920,5261,1604,
5253,1647,5255,476,5247,1607,5249,597,5241,635,
5243,550,5235,440,5237,1464,5229,1497,5231,1565,
5223,1465,5225,1382,5217,1425,5219,1326,5211,695,
5213,778,5205,737,5207,811,5199,779,5201,1010,
5193,971,5195,885,5187,853,5189,1241,5181,1204,
5183,1274,5175,1243,5177,1167,5169,1130,5171,1051,
5163,1595,5165,1064,5157,1033,5159,1104,5151,1066,
5153,1297,5145,1262,5147,1182,5139,1147,5141,905,
5133,863,5135,944,5127,907,5129,824,5121,930,
5123,
2170,3251,4885,4883,2486,3263,4645,4643,2144,
3367,4405,4403,2917,3711,4165,4163,1896,2972,492,
1732,439,2166,926,3406,438,2732,1492,3972,437,
2237,997,3477,436,2354,1114,3594,435,2318,1078,
3558,434,1961,721,3201,433,2081,841,3321,432,
1881,641,3121,431,1841,601,3081,430,1801,561,
3041,429,2541,1301,3781,428,2649,1409,3889,427,
2610,1370,3850,426,2891,1651,4131,425,1763,523,
3003,424,2811,1571,4051,423,2772,1532,4012,422,
2122,882,3362,421,2851,1611,4091,420,1721,481,
2961,419,1683,443,2923,418,2582,1342,3822,417,
2699,1459,3939,416,2511,1271,3751,415,2547,1307,
3787,414,2436,1196,3676,413,2319,1079,3559,412,
2046,806,3286,411,2082,842,3322,410,2287,1047,
3527,409,2174,934,3414,408,2209,969,3449,407,
2249,1009,3489,406,2742,1502,3982,405,2628,1388,
3868,404,2366,1126,3606,403,2406,1166,3646,402,
1976,736,3216,401,1853,613,3093,400,2432,1192,
3672,360,2320,1080,3560,320,2058,818,3298,280,
1965,725,3205,
done
