loop 0
0,
2057,617,1337,233,1865,425,1145,33,1002,282,
1722,90,1194,474,1914,31,1086,366,1806,174,
1278,558,1998,28,2032,592,1312,208,1840,400,
1120,37,1110,390,1830,198,1302,582,2022,35,
2079,639,1359,255,1887,447,1167,36,1172,452,
1892,260,1364,644,2084,27,1162,442,1882,250,
1354,634,2074,3,1987,547,1267,163,1795,355,
1075,4,1929,489,1209,105,1737,297,1017,13,
1014,294,1734,102,1206,486,1926,12,1970,530,
1250,146,1778,338,1058,14,1164,444,1884,252,
1356,636,2076,5,1979,539,1259,155,1787,347,
1067,8,1965,525,1245,141,1773,333,1053,10,
1060,340,1780,148,1252,532,1972,
loop 1
1,
2025,585,1305,201,1833,393,1113,9,1104,384,
1824,192,1296,576,2016,7,1925,485,1205,101,
1733,293,1013,11,1112,392,1832,200,1304,584,
2024,6,2090,650,1370,266,1898,458,1178,21,
1967,527,1247,143,1775,335,1055,25,2035,595,
1315,211,1843,403,1123,50,993,273,1713,81,
1185,465,1905,48,1994,554,1274,170,1802,362,
1082,52,1117,397,1837,205,1309,589,2029,24,
2045,605,1325,221,1853,413,1133,41,1019,299,
1739,107,1211,491,1931,29,1976,536,1256,152,
1784,344,1064,34,1153,433,1873,241,1345,625,
2065,30,2053,613,1333,229,1861,421,1141,32,
1010,290,1730,98,1202,482,1922,
loop 2
17,
1941,501,1221,117,1749,309,1029,45,1135,415,
1855,223,1327,607,2047,22,2054,614,1334,230,
1862,422,1142,53,1134,414,1854,222,1326,606,
2046,49,1949,509,1229,125,1757,317,1037,51,
1138,418,1858,226,1330,610,2050,23,1991,551,
1271,167,1799,359,1079,42,1085,365,1805,173,
1277,557,1997,
loop 3
54,
2059,619,1339,235,1867,427,1147,68,1152,432,
1872,240,1344,624,2064,66,1066,346,1786,154,
1258,538,1978,64,1177,457,1897,265,1369,649,
2089,55,2091,651,1371,267,1899,459,1179,56,
2008,568,1288,184,1816,376,1096,60,1918,478,
1198,94,1726,286,1006,62,1171,451,1891,259,
1363,643,2083,
loop 4
464,
3319,693,3315,695,3313,623,3305,564,3301,699,
3297,701,3295,469,3292,702,3288,704,3286,476,
3282,540,3251,588,3247,717,3243,719,3241,581,
3161,533,3157,747,3153,749,3151,526,3179,471,
3175,741,3171,743,3169,500,3364,678,3360,680,
3358,563,3354,611,3346,684,3342,686,3340,552,
3336,511,3323,
loop 5
1184,
3322,3321,1231,3338,3337,1272,1406,3344,3343,2124,
1331,3356,3355,1283,1400,3362,3361,2118,1220,1463,
3173,3172,2181,1191,3178,3177,1246,1469,3155,3154,
2187,1253,3160,3159,1301,1439,3245,3244,2157,1308,
3250,3249,1260,3284,3283,1196,1424,3290,3289,2142,
1189,1421,3299,3298,2139,1284,3304,3303,1343,1415,
3317,3316,2133,
done
